BoneCount: 27
RootBone: 0
BoneName: RootNode
BoneIndex: 0
ParentIndex: -1
ChildCount: 2
1
2
1.000000 0.000000 -0.000000 0.000000
0.000000 1.000000 -0.000000 0.000000
-0.000000 -0.000000 1.000000 -0.000000
0.000000 0.000000 -0.000000 1.000000
1.000000 0.000000 0.000000 0.000000
0.000000 1.000000 0.000000 0.000000
0.000000 0.000000 1.000000 0.000000
0.000000 0.000000 0.000000 1.000000
BoneName: petuman 
BoneIndex: 1
ParentIndex: 0
ChildCount: 0
138.615524 0.000000 -0.000000 0.000000
0.000000 -0.000023 141.026047 0.000000
-0.000000 -246.270584 -0.000040 -0.000000
0.000000 0.636598 -0.000000 1.000000
1.000000 0.000000 0.000000 0.000000
0.000000 1.000000 0.000000 0.000000
0.000000 0.000000 1.000000 0.000000
0.000000 0.000000 0.000000 1.000000
BoneName: Armature
BoneIndex: 2
ParentIndex: 0
ChildCount: 3
3
17
22
100.000000 0.000000 -0.000000 0.000000
0.000000 -0.000016 100.000000 0.000000
-0.000000 -100.000000 -0.000016 -0.000000
0.000000 0.431818 -0.000000 1.000000
1.000000 0.000000 0.000000 0.000000
0.000000 1.000000 0.000000 0.000000
0.000000 0.000000 1.000000 0.000000
0.000000 0.000000 0.000000 1.000000
BoneName: Bone
BoneIndex: 3
ParentIndex: 2
ChildCount: 1
4
1.000000 0.000000 -0.000000 0.000000
0.000000 -0.185821 -0.982584 0.000000
-0.000000 0.982584 -0.185821 -0.000000
0.000000 0.000000 -0.000106 1.000000
1.386155 0.000000 -0.000000 0.000000
0.000000 -0.262055 1.385699 0.000000
-0.000000 -2.419815 -0.457621 -0.000000
0.000000 0.001908 0.000361 1.000000
BoneName: Bone.005
BoneIndex: 4
ParentIndex: 3
ChildCount: 1
5
1.000000 0.000000 -0.000000 0.000000
0.000000 0.921656 0.388008 0.000000
-0.000000 -0.388008 0.921656 -0.000000
0.000000 0.001299 -0.000000 1.000000
1.386155 0.000000 -0.000000 0.000000
0.000000 0.296138 1.378817 0.000000
-0.000000 -2.407797 0.517138 -0.000000
0.000000 0.000701 0.000096 1.000000
BoneName: Bone.006
BoneIndex: 5
ParentIndex: 4
ChildCount: 3
6
9
13
1.000000 0.000000 -0.000000 0.000000
0.000000 0.977704 -0.209988 0.000000
-0.000000 0.209988 0.977704 -0.000000
0.000000 0.001149 -0.000000 1.000000
1.386155 0.000000 -0.000000 0.000000
0.000000 0.000000 1.410260 0.000000
-0.000000 -2.462706 0.000000 -0.000000
0.000000 -0.000458 -0.000000 1.000000
BoneName: Bone.007
BoneIndex: 6
ParentIndex: 5
ChildCount: 1
7
1.000000 0.000000 -0.000000 0.000000
0.000000 1.000000 -0.000000 0.000000
-0.000000 -0.000000 1.000000 -0.000000
0.000000 0.001378 -0.000000 1.000000
1.386155 0.000000 -0.000000 0.000000
0.000000 0.000000 1.410260 0.000000
-0.000000 -2.462706 0.000000 -0.000000
0.000000 -0.001837 0.000000 1.000000
BoneName: Bone.008
BoneIndex: 7
ParentIndex: 6
ChildCount: 1
8
1.000000 0.000000 -0.000000 0.000000
0.000000 1.000000 -0.000000 0.000000
-0.000000 -0.000000 1.000000 -0.000000
0.000000 0.000498 -0.000000 1.000000
1.386155 0.000000 -0.000000 0.000000
0.000000 0.000000 1.410260 0.000000
-0.000000 -2.462706 0.000000 -0.000000
0.000000 -0.002335 0.000000 1.000000
BoneName: Bone.008_end
BoneIndex: 8
ParentIndex: 7
ChildCount: 0
1.000000 0.000000 -0.000000 0.000000
0.000000 1.000000 -0.000000 0.000000
-0.000000 -0.000000 1.000000 -0.000000
0.000000 0.002112 -0.000000 1.000000
1.000000 0.000000 0.000000 0.000000
0.000000 1.000000 0.000000 0.000000
0.000000 0.000000 1.000000 0.000000
0.000000 0.000000 0.000000 1.000000
BoneName: Bone.009.L
BoneIndex: 9
ParentIndex: 5
ChildCount: 1
10
-0.134364 -0.990932 -0.000000 0.000000
0.990932 -0.134364 0.000000 0.000000
-0.000000 -0.000000 1.000000 -0.000000
0.000000 0.001378 -0.000000 1.000000
-0.186249 1.373586 -0.000000 0.000000
-0.000000 0.000000 1.410260 0.000000
2.440374 0.330899 0.000000 -0.000000
0.001820 0.000247 0.000000 1.000000
BoneName: Bone.010.L
BoneIndex: 10
ParentIndex: 9
ChildCount: 1
11
0.990932 0.134364 0.000000 0.000000
-0.134364 0.990932 -0.000000 0.000000
-0.000000 0.000000 1.000000 -0.000000
-0.000000 0.000993 -0.000000 1.000000
-0.000000 1.386155 -0.000000 0.000000
-0.000000 -0.000000 1.410260 0.000000
2.462706 0.000000 0.000000 -0.000000
0.001703 -0.000984 0.000000 1.000000
BoneName: Bone.011.L
BoneIndex: 11
ParentIndex: 10
ChildCount: 1
12
1.000000 0.000000 -0.000000 0.000000
0.000000 1.000000 -0.000000 0.000000
-0.000000 -0.000000 1.000000 -0.000000
0.000000 0.001668 -0.000000 1.000000
-0.000000 1.386155 -0.000000 0.000000
-0.000000 0.000000 1.410260 0.000000
2.462706 0.000000 0.000000 -0.000000
0.001703 -0.002652 0.000000 1.000000
BoneName: Bone.011.L_end
BoneIndex: 12
ParentIndex: 11
ChildCount: 0
1.000000 0.000000 -0.000000 0.000000
0.000000 1.000000 -0.000000 0.000000
-0.000000 -0.000000 1.000000 -0.000000
0.000000 0.001718 -0.000000 1.000000
1.000000 0.000000 0.000000 0.000000
0.000000 1.000000 0.000000 0.000000
0.000000 0.000000 1.000000 0.000000
0.000000 0.000000 0.000000 1.000000
BoneName: Bone.009.R
BoneIndex: 13
ParentIndex: 5
ChildCount: 1
14
-0.134364 0.990932 0.000000 0.000000
-0.990932 -0.134364 0.000000 0.000000
0.000000 -0.000000 1.000000 -0.000000
0.000000 0.001378 -0.000000 1.000000
-0.186249 -1.373586 0.000000 0.000000
0.000000 0.000000 1.410260 0.000000
-2.440374 0.330899 0.000000 -0.000000
-0.001820 0.000247 0.000000 1.000000
BoneName: Bone.010.R
BoneIndex: 14
ParentIndex: 13
ChildCount: 1
15
0.990932 -0.134364 -0.000000 0.000000
0.134364 0.990932 -0.000000 0.000000
0.000000 0.000000 1.000000 -0.000000
0.000000 0.000993 -0.000000 1.000000
-0.000000 -1.386155 0.000000 0.000000
0.000000 -0.000000 1.410260 0.000000
-2.462706 0.000000 0.000000 -0.000000
-0.001703 -0.000984 0.000000 1.000000
BoneName: Bone.011.R
BoneIndex: 15
ParentIndex: 14
ChildCount: 1
16
1.000000 0.000000 -0.000000 0.000000
0.000000 1.000000 -0.000000 0.000000
-0.000000 -0.000000 1.000000 -0.000000
-0.000000 0.001668 -0.000000 1.000000
-0.000000 -1.386155 0.000000 0.000000
0.000000 0.000000 1.410260 0.000000
-2.462706 0.000000 0.000000 -0.000000
-0.001703 -0.002652 0.000000 1.000000
BoneName: Bone.011.R_end
BoneIndex: 16
ParentIndex: 15
ChildCount: 0
1.000000 0.000000 -0.000000 0.000000
0.000000 1.000000 -0.000000 0.000000
-0.000000 -0.000000 1.000000 -0.000000
0.000000 0.001718 -0.000000 1.000000
1.000000 0.000000 0.000000 0.000000
0.000000 1.000000 0.000000 0.000000
0.000000 0.000000 1.000000 0.000000
0.000000 0.000000 0.000000 1.000000
BoneName: Bone.001.L
BoneIndex: 17
ParentIndex: 2
ChildCount: 1
18
-0.000000 -1.000000 -0.000000 0.000000
0.845489 -0.000000 0.533993 0.000000
-0.533993 0.000000 0.845489 -0.000000
0.000000 0.000000 -0.000106 1.000000
0.000000 1.171979 -0.740197 0.000000
-1.410260 0.000000 -0.000000 0.000000
0.000000 1.315068 2.082191 -0.000000
-0.000000 -0.001037 -0.001641 1.000000
BoneName: Bone.002.L
BoneIndex: 18
ParentIndex: 17
ChildCount: 1
19
1.000000 0.000000 0.000000 0.000000
-0.000000 0.533993 0.845489 0.000000
-0.000000 -0.845489 0.533993 -0.000000
-0.000000 0.000785 0.000000 1.000000
0.000000 0.000000 -1.386155 0.000000
-1.410260 0.000000 -0.000000 0.000000
-0.000000 2.462706 0.000000 -0.000000
-0.000000 -0.002360 0.000663 1.000000
BoneName: Bone.003.L
BoneIndex: 19
ParentIndex: 18
ChildCount: 1
20
1.000000 0.000000 -0.000000 0.000000
0.000000 1.000000 -0.000000 0.000000
-0.000000 -0.000000 1.000000 -0.000000
-0.000000 0.001630 -0.000000 1.000000
0.000000 0.000000 -1.386155 0.000000
-1.410260 0.000000 -0.000000 0.000000
-0.000000 2.462706 0.000000 -0.000000
-0.000000 -0.003990 0.000663 1.000000
BoneName: Bone.004.L
BoneIndex: 20
ParentIndex: 19
ChildCount: 1
21
-0.000000 -1.000000 -0.000000 0.000000
0.990737 -0.000000 -0.135796 0.000000
0.135796 -0.000000 0.990737 -0.000000
-0.000000 0.001559 -0.000000 1.000000
0.000000 0.188235 -1.373315 0.000000
0.000000 -1.397197 -0.191508 0.000000
-2.462706 -0.000000 -0.000000 -0.000000
0.005549 -0.000090 0.000657 1.000000
BoneName: Bone.004.L_end
BoneIndex: 21
ParentIndex: 20
ChildCount: 0
1.000000 0.000000 -0.000000 0.000000
0.000000 1.000000 -0.000000 0.000000
-0.000000 -0.000000 1.000000 -0.000000
0.000000 0.000737 -0.000000 1.000000
1.000000 0.000000 0.000000 0.000000
0.000000 1.000000 0.000000 0.000000
0.000000 0.000000 1.000000 0.000000
0.000000 0.000000 0.000000 1.000000
BoneName: Bone.001.R
BoneIndex: 22
ParentIndex: 2
ChildCount: 1
23
-0.000000 1.000000 -0.000000 0.000000
-0.845489 -0.000000 0.533993 0.000000
0.533993 0.000000 0.845489 -0.000000
0.000000 0.000000 -0.000106 1.000000
0.000000 -1.171979 0.740197 0.000000
1.410260 0.000000 -0.000000 0.000000
-0.000000 1.315068 2.082191 -0.000000
0.000000 -0.001037 -0.001641 1.000000
BoneName: Bone.002.R
BoneIndex: 23
ParentIndex: 22
ChildCount: 1
24
1.000000 -0.000000 -0.000000 0.000000
0.000000 0.533993 0.845489 0.000000
0.000000 -0.845489 0.533993 -0.000000
0.000000 0.000785 0.000000 1.000000
0.000000 -0.000000 1.386155 0.000000
1.410260 0.000000 -0.000000 0.000000
0.000000 2.462706 0.000000 -0.000000
0.000000 -0.002360 0.000663 1.000000
BoneName: Bone.003.R
BoneIndex: 24
ParentIndex: 23
ChildCount: 1
25
1.000000 0.000000 -0.000000 0.000000
0.000000 1.000000 -0.000000 0.000000
-0.000000 -0.000000 1.000000 -0.000000
0.000000 0.001630 -0.000000 1.000000
0.000000 -0.000000 1.386155 0.000000
1.410260 0.000000 -0.000000 0.000000
0.000000 2.462706 0.000000 -0.000000
0.000000 -0.003990 0.000663 1.000000
BoneName: Bone.004.R
BoneIndex: 25
ParentIndex: 24
ChildCount: 1
26
-0.000000 1.000000 0.000000 0.000000
-0.990737 -0.000000 -0.135796 0.000000
-0.135796 -0.000000 0.990737 -0.000000
0.000000 0.001559 -0.000000 1.000000
0.000000 -0.188235 1.373315 0.000000
-0.000000 -1.397197 -0.191508 0.000000
2.462706 -0.000000 -0.000000 -0.000000
-0.005549 -0.000090 0.000657 1.000000
BoneName: Bone.004.R_end
BoneIndex: 26
ParentIndex: 25
ChildCount: 0
1.000000 0.000000 -0.000000 0.000000
0.000000 1.000000 -0.000000 0.000000
-0.000000 -0.000000 1.000000 -0.000000
0.000000 0.000737 -0.000000 1.000000
1.000000 0.000000 0.000000 0.000000
0.000000 1.000000 0.000000 0.000000
0.000000 0.000000 1.000000 0.000000
0.000000 0.000000 0.000000 1.000000
