BoneCount: 59
RootBone: 0
BoneName: RootNode
BoneIndex: 0
ParentIndex: -1
ChildCount: 2
1
2
1.000000 0.000000 -0.000000 0.000000
0.000000 1.000000 -0.000000 0.000000
-0.000000 -0.000000 1.000000 -0.000000
0.000000 0.000000 -0.000000 1.000000
1.000000 0.000000 0.000000 0.000000
0.000000 1.000000 0.000000 0.000000
0.000000 0.000000 1.000000 0.000000
0.000000 0.000000 0.000000 1.000000
BoneName: Ch14
BoneIndex: 1
ParentIndex: 0
ChildCount: 0
1.000000 0.000000 -0.000000 0.000000
0.000000 1.000000 -0.000000 0.000000
-0.000000 -0.000000 1.000000 -0.000000
0.000000 0.000000 -0.000000 1.000000
1.000000 0.000000 0.000000 0.000000
0.000000 1.000000 0.000000 0.000000
0.000000 0.000000 1.000000 0.000000
0.000000 0.000000 0.000000 1.000000
BoneName: mixamorig:Hips
BoneIndex: 2
ParentIndex: 0
ChildCount: 3
3
49
54
1.000000 0.000000 -0.000000 0.000000
0.000000 1.000000 -0.000000 0.000000
-0.000000 -0.000000 1.000000 -0.000000
0.000000 0.350699 0.000295 1.000000
1.000000 0.000000 -0.000000 0.000000
0.000000 1.000000 -0.000000 0.000000
-0.000000 -0.000000 1.000000 -0.000000
0.000000 -0.350699 -0.000295 1.000000
BoneName: mixamorig:Spine
BoneIndex: 3
ParentIndex: 2
ChildCount: 1
4
1.000000 0.000000 -0.000000 0.000000
0.000000 0.999833 -0.018272 0.000000
-0.000000 0.018272 0.999833 -0.000000
0.000000 0.068761 -0.001257 1.000000
1.000000 0.000000 -0.000000 0.000000
0.000000 0.999833 0.018272 0.000000
-0.000000 -0.018272 0.999833 -0.000000
0.000000 -0.419407 -0.006703 1.000000
BoneName: mixamorig:Spine1
BoneIndex: 4
ParentIndex: 3
ChildCount: 1
5
1.000000 0.000000 -0.000000 0.000000
0.000000 1.000000 -0.000000 0.000000
-0.000000 -0.000000 1.000000 -0.000000
0.000000 0.080234 0.000000 1.000000
1.000000 0.000000 -0.000000 0.000000
0.000000 0.999833 0.018272 0.000000
-0.000000 -0.018272 0.999833 -0.000000
0.000000 -0.499641 -0.006703 1.000000
BoneName: mixamorig:Spine2
BoneIndex: 5
ParentIndex: 4
ChildCount: 3
6
9
29
1.000000 0.000000 -0.000000 0.000000
0.000000 1.000000 -0.000000 0.000000
-0.000000 -0.000000 1.000000 -0.000000
0.000000 0.091696 0.000000 1.000000
1.000000 0.000000 -0.000000 0.000000
0.000000 0.999833 0.018272 0.000000
-0.000000 -0.018272 0.999833 -0.000000
0.000000 -0.591337 -0.006703 1.000000
BoneName: mixamorig:Neck
BoneIndex: 6
ParentIndex: 5
ChildCount: 1
7
1.000000 0.000000 -0.000000 0.000000
0.000000 0.999833 0.018272 0.000000
-0.000000 -0.018272 0.999833 -0.000000
0.000000 0.103158 0.000000 1.000000
1.000000 0.000000 -0.000000 0.000000
0.000000 1.000000 -0.000000 0.000000
-0.000000 -0.000000 1.000000 -0.000000
0.000000 -0.694501 0.005988 1.000000
BoneName: mixamorig:Head
BoneIndex: 7
ParentIndex: 6
ChildCount: 1
8
1.000000 0.000000 -0.000000 0.000000
0.000000 1.000000 -0.000000 0.000000
-0.000000 -0.000000 1.000000 -0.000000
0.000000 0.076437 0.023774 1.000000
1.000000 0.000000 -0.000000 0.000000
0.000000 1.000000 -0.000000 0.000000
-0.000000 -0.000000 1.000000 -0.000000
0.000000 -0.770939 -0.017786 1.000000
BoneName: mixamorig:HeadTop_End
BoneIndex: 8
ParentIndex: 7
ChildCount: 0
1.000000 0.000000 -0.000000 0.000000
0.000000 1.000000 -0.000000 0.000000
-0.000000 -0.000000 1.000000 -0.000000
0.000000 0.437886 0.136196 1.000000
1.000000 0.000000 0.000000 0.000000
0.000000 1.000000 0.000000 0.000000
0.000000 0.000000 1.000000 0.000000
0.000000 0.000000 0.000000 1.000000
BoneName: mixamorig:LeftShoulder
BoneIndex: 9
ParentIndex: 5
ChildCount: 1
10
0.003112 0.000005 0.999995 0.000000
0.947181 -0.320686 -0.002946 0.000000
0.320685 0.947186 -0.001003 -0.000000
0.043922 0.088267 -0.000137 1.000000
0.003112 0.947181 0.320686 0.000000
0.018277 -0.320688 0.947009 0.000000
0.999828 0.002914 -0.018310 -0.000000
-0.006706 0.176358 -0.657790 1.000000
BoneName: mixamorig:LeftArm
BoneIndex: 10
ParentIndex: 9
ChildCount: 1
11
0.996825 -0.079627 -0.000000 0.000000
0.077526 0.970514 0.228238 0.000000
-0.018174 -0.227513 0.973605 -0.000000
-0.000000 0.092642 -0.000000 1.000000
-0.072319 0.992686 0.096668 0.000000
0.043754 -0.093671 0.994641 0.000000
0.996421 0.076161 -0.036660 -0.000000
-0.013350 -0.069405 -0.659352 1.000000
BoneName: mixamorig:LeftForeArm
BoneIndex: 11
ParentIndex: 10
ChildCount: 1
12
0.996693 0.081254 -0.000000 0.000000
-0.080351 0.985613 0.148696 0.000000
0.012082 -0.148205 0.988883 -0.000000
-0.000000 0.085128 0.000000 1.000000
0.008580 0.998589 -0.052400 0.000000
0.035998 0.052060 0.997995 0.000000
0.999315 -0.010449 -0.035501 -0.000000
-0.025863 -0.249281 -0.629281 1.000000
BoneName: mixamorig:LeftHand
BoneIndex: 12
ParentIndex: 11
ChildCount: 4
13
17
21
25
0.999806 -0.016515 -0.010749 0.000000
0.015145 0.993022 -0.116950 0.000000
0.012606 0.116764 0.993080 -0.000000
-0.000000 0.184848 0.000000 1.000000
-0.007350 0.997880 0.064669 0.000000
0.024404 -0.064472 0.997621 0.000000
0.999675 0.008910 -0.023878 -0.000000
-0.011924 -0.357897 -0.675943 1.000000
BoneName: mixamorig:LeftHandThumb1
BoneIndex: 13
ParentIndex: 12
ChildCount: 1
14
0.525224 0.850964 0.000000 0.000000
-0.813096 0.501852 -0.294992 0.000000
-0.251028 0.154937 0.955500 -0.000000
-0.027298 0.024370 -0.011123 1.000000
0.845299 0.487687 0.218245 0.000000
-0.042047 -0.346489 0.937111 0.000000
0.532636 -0.801316 -0.272381 -0.000000
-0.317221 -0.008225 -0.698321 1.000000
BoneName: mixamorig:LeftHandThumb2
BoneIndex: 14
ParentIndex: 13
ChildCount: 1
15
1.000000 0.000000 -0.000000 0.000000
0.000000 0.993758 -0.111557 0.000000
-0.000000 0.111557 0.993758 -0.000000
0.005121 0.030166 0.000000 1.000000
0.845299 0.460296 0.271287 0.000000
-0.042046 -0.448867 0.892609 0.000000
0.532636 -0.765928 -0.360073 -0.000000
-0.322342 0.039751 -0.698245 1.000000
BoneName: mixamorig:LeftHandThumb3
BoneIndex: 15
ParentIndex: 14
ChildCount: 1
16
1.000000 0.000000 -0.000000 0.000000
0.000000 0.996662 0.081635 0.000000
-0.000000 -0.081635 0.996662 -0.000000
-0.006995 0.033841 -0.000000 1.000000
0.845299 0.480906 0.232806 0.000000
-0.042047 -0.374501 0.926273 0.000000
0.532636 -0.792766 -0.296345 -0.000000
-0.315346 -0.051110 -0.696397 1.000000
BoneName: mixamorig:LeftHandThumb4
BoneIndex: 16
ParentIndex: 15
ChildCount: 0
1.000000 0.000000 -0.000000 0.000000
0.000000 1.000000 -0.000000 0.000000
-0.000000 -0.000000 1.000000 -0.000000
0.001874 0.021766 0.000000 1.000000
1.000000 0.000000 0.000000 0.000000
0.000000 1.000000 0.000000 0.000000
0.000000 0.000000 1.000000 0.000000
0.000000 0.000000 0.000000 1.000000
BoneName: mixamorig:LeftHandIndex1
BoneIndex: 17
ParentIndex: 12
ChildCount: 1
18
0.905926 0.423435 -0.000000 0.000000
-0.422810 0.904589 0.054322 0.000000
0.023002 -0.049211 0.998523 -0.000000
-0.026399 0.078419 -0.002180 1.000000
0.415880 0.909291 0.015297 0.000000
-0.005192 -0.014447 0.999882 0.000000
0.909405 -0.415910 -0.001287 -0.000000
-0.171639 -0.437407 -0.650963 1.000000
BoneName: mixamorig:LeftHandIndex2
BoneIndex: 18
ParentIndex: 17
ChildCount: 1
19
1.000000 0.000000 -0.000000 0.000000
0.000000 0.999204 -0.039885 0.000000
-0.000000 0.039885 0.999204 -0.000000
0.000000 0.036433 -0.000000 1.000000
0.415879 0.907957 0.051552 0.000000
-0.005192 -0.054316 0.998510 0.000000
0.909405 -0.415527 -0.017875 -0.000000
-0.171639 -0.447499 -0.669344 1.000000
BoneName: mixamorig:LeftHandIndex3
BoneIndex: 19
ParentIndex: 18
ChildCount: 1
20
1.000000 0.000000 -0.000000 0.000000
0.000000 0.994973 0.100142 0.000000
-0.000000 -0.100142 0.994973 -0.000000
0.000017 0.038108 -0.000000 1.000000
0.415879 0.908556 -0.039632 0.000000
-0.005192 0.045950 0.998930 0.000000
0.909405 -0.415229 0.023827 -0.000000
-0.171656 -0.550196 -0.617350 1.000000
BoneName: mixamorig:LeftHandIndex4
BoneIndex: 20
ParentIndex: 19
ChildCount: 0
1.000000 0.000000 -0.000000 0.000000
0.000000 1.000000 -0.000000 0.000000
-0.000000 -0.000000 1.000000 -0.000000
-0.000017 0.024037 -0.000000 1.000000
1.000000 0.000000 0.000000 0.000000
0.000000 1.000000 0.000000 0.000000
0.000000 0.000000 1.000000 0.000000
0.000000 0.000000 0.000000 1.000000
BoneName: mixamorig:LeftHandMiddle1
BoneIndex: 21
ParentIndex: 12
ChildCount: 1
22
0.999770 -0.021462 -0.000000 0.000000
0.021419 0.997790 -0.062907 0.000000
0.001350 0.062892 0.998019 -0.000000
-0.003279 0.085525 0.002989 1.000000
-0.028764 0.991448 0.127290 0.000000
0.025782 -0.126565 0.991623 0.000000
0.999254 0.031805 -0.021921 -0.000000
0.000874 -0.399917 -0.705486 1.000000
BoneName: mixamorig:LeftHandMiddle2
BoneIndex: 22
ParentIndex: 21
ChildCount: 1
23
1.000000 0.000000 -0.000000 0.000000
0.000000 0.996646 0.081830 0.000000
-0.000000 -0.081830 0.996646 -0.000000
-0.000113 0.038616 -0.000000 1.000000
-0.028764 0.998539 0.045733 0.000000
0.025782 -0.044996 0.998654 0.000000
0.999254 0.029905 -0.024450 -0.000000
0.000987 -0.494793 -0.667235 1.000000
BoneName: mixamorig:LeftHandMiddle3
BoneIndex: 23
ParentIndex: 22
ChildCount: 1
24
1.000000 0.000000 -0.000000 0.000000
0.000000 0.961837 0.273624 0.000000
-0.000000 -0.273624 0.961837 -0.000000
-0.000031 0.037016 0.000000 1.000000
-0.028764 0.972946 -0.229235 0.000000
0.025782 0.229976 0.972854 0.000000
0.999254 0.022073 -0.031700 -0.000000
0.001018 -0.694084 -0.496257 1.000000
BoneName: mixamorig:LeftHandMiddle4
BoneIndex: 24
ParentIndex: 23
ChildCount: 0
1.000000 0.000000 -0.000000 0.000000
0.000000 1.000000 -0.000000 0.000000
-0.000000 -0.000000 1.000000 -0.000000
0.000144 0.023225 0.000000 1.000000
1.000000 0.000000 0.000000 0.000000
0.000000 1.000000 0.000000 0.000000
0.000000 0.000000 1.000000 0.000000
0.000000 0.000000 0.000000 1.000000
BoneName: mixamorig:LeftHandRing1
BoneIndex: 25
ParentIndex: 12
ChildCount: 1
26
0.965974 -0.258640 -0.000000 0.000000
0.258419 0.965152 -0.041255 0.000000
0.010670 0.039851 0.999149 -0.000000
0.029678 0.085543 -0.000778 1.000000
-0.265191 0.958538 0.104302 0.000000
0.040249 -0.097076 0.994463 0.000000
0.963356 0.267920 -0.012836 -0.000000
0.074504 -0.410883 -0.692705 1.000000
BoneName: mixamorig:LeftHandRing2
BoneIndex: 26
ParentIndex: 25
ChildCount: 1
27
1.000000 0.000000 -0.000000 0.000000
0.000000 0.997950 0.063996 0.000000
-0.000000 -0.063996 0.997950 -0.000000
0.000062 0.031264 0.000000 1.000000
-0.265191 0.963248 0.042745 0.000000
0.040249 -0.033235 0.998637 0.000000
0.963356 0.266550 -0.029956 -0.000000
0.074443 -0.485572 -0.662989 1.000000
BoneName: mixamorig:LeftHandRing3
BoneIndex: 27
ParentIndex: 26
ChildCount: 1
28
1.000000 0.000000 -0.000000 0.000000
0.000000 0.968657 -0.248401 0.000000
-0.000000 0.248401 0.968657 -0.000000
0.000125 0.030850 -0.000000 1.000000
-0.265191 0.922439 0.280677 0.000000
0.040249 -0.280255 0.959081 0.000000
0.963356 0.265636 0.037194 -0.000000
0.074318 -0.335549 -0.770489 1.000000
BoneName: mixamorig:LeftHandRing4
BoneIndex: 28
ParentIndex: 27
ChildCount: 0
1.000000 0.000000 -0.000000 0.000000
0.000000 1.000000 -0.000000 0.000000
-0.000000 -0.000000 1.000000 -0.000000
-0.000186 0.016439 0.000000 1.000000
1.000000 0.000000 0.000000 0.000000
0.000000 1.000000 0.000000 0.000000
0.000000 0.000000 1.000000 0.000000
0.000000 0.000000 0.000000 1.000000
BoneName: mixamorig:RightShoulder
BoneIndex: 29
ParentIndex: 5
ChildCount: 1
30
-0.004545 -0.000008 -0.999990 0.000000
-0.947136 -0.320804 0.004307 0.000000
-0.320800 0.947146 0.001450 -0.000000
-0.043922 0.088261 0.000199 1.000000
-0.004545 -0.947136 -0.320799 0.000000
-0.018280 -0.320670 0.947014 0.000000
-0.999823 0.010168 -0.015857 -0.000000
0.006708 0.176387 -0.657779 1.000000
BoneName: mixamorig:RightArm
BoneIndex: 30
ParentIndex: 29
ChildCount: 1
31
0.999436 0.033579 -0.000000 0.000000
-0.032682 0.972731 0.229624 0.000000
0.007711 -0.229495 0.973279 -0.000000
-0.000000 0.092647 -0.000000 1.000000
-0.036347 -0.994823 -0.094899 0.000000
-0.029038 -0.093870 0.995161 0.000000
-0.998917 0.038926 -0.025476 -0.000000
0.009516 -0.069805 -0.659369 1.000000
BoneName: mixamorig:RightForeArm
BoneIndex: 31
ParentIndex: 30
ChildCount: 1
32
0.999331 -0.036574 0.000000 0.000000
0.036179 0.988531 0.146619 0.000000
-0.005362 -0.146521 0.989193 -0.000000
0.000000 0.084946 0.000000 1.000000
0.000062 -0.998643 0.052083 0.000000
-0.025585 0.052064 0.998316 0.000000
-0.999673 -0.001395 -0.025547 -0.000000
0.015169 -0.249306 -0.629620 1.000000
BoneName: mixamorig:RightHand
BoneIndex: 32
ParentIndex: 31
ChildCount: 4
33
37
41
45
0.999545 -0.024724 0.017269 0.000000
0.026601 0.992583 -0.118620 0.000000
-0.014208 0.119026 0.992790 -0.000000
0.000000 0.184838 0.000000 1.000000
0.025652 -0.997413 -0.067158 0.000000
-0.009621 -0.067423 0.997678 0.000000
-0.999625 -0.024947 -0.011325 -0.000000
0.015023 -0.355834 -0.676970 1.000000
BoneName: mixamorig:RightHandThumb1
BoneIndex: 33
ParentIndex: 32
ChildCount: 1
34
0.544546 -0.838731 -0.000000 0.000000
0.803941 0.521959 -0.285024 0.000000
0.239058 0.155208 0.958521 -0.000000
0.025543 0.025327 -0.010472 1.000000
0.850530 -0.480843 -0.213047 0.000000
0.051311 -0.327288 0.943530 0.000000
-0.523418 -0.813432 -0.253696 -0.000000
0.313963 -0.017440 -0.700527 1.000000
BoneName: mixamorig:RightHandThumb2
BoneIndex: 34
ParentIndex: 33
ChildCount: 1
35
1.000000 0.000000 -0.000000 0.000000
0.000000 0.987101 -0.160100 0.000000
-0.000000 0.160100 0.987101 -0.000000
-0.005866 0.029391 -0.000000 1.000000
0.850530 -0.440532 -0.287282 0.000000
0.051311 -0.474126 0.878961 0.000000
-0.523418 -0.762323 -0.380654 -0.000000
0.319829 0.065927 -0.698988 1.000000
BoneName: mixamorig:RightHandThumb3
BoneIndex: 35
ParentIndex: 34
ChildCount: 1
36
1.000000 0.000000 -0.000000 0.000000
0.000000 0.986138 0.165930 0.000000
-0.000000 -0.165930 0.986138 -0.000000
0.007085 0.033572 0.000000 1.000000
0.850530 -0.482094 -0.210202 0.000000
0.051311 -0.321708 0.945448 0.000000
-0.523418 -0.814917 -0.248885 -0.000000
0.312744 -0.084077 -0.694667 1.000000
BoneName: mixamorig:RightHandThumb4
BoneIndex: 36
ParentIndex: 35
ChildCount: 0
1.000000 0.000000 -0.000000 0.000000
0.000000 1.000000 -0.000000 0.000000
-0.000000 -0.000000 1.000000 -0.000000
-0.001219 0.023303 0.000000 1.000000
1.000000 0.000000 0.000000 0.000000
0.000000 1.000000 0.000000 0.000000
0.000000 0.000000 1.000000 0.000000
0.000000 0.000000 0.000000 1.000000
BoneName: mixamorig:RightHandIndex1
BoneIndex: 37
ParentIndex: 32
ChildCount: 1
38
0.948971 -0.315362 -0.000000 0.000000
0.315362 0.948971 -0.000998 0.000000
0.000315 0.000947 1.000000 -0.000000
0.028795 0.088142 -0.000118 1.000000
0.338889 -0.938359 -0.068094 0.000000
0.012133 -0.068012 0.997611 0.000000
-0.940748 -0.338906 -0.011663 -0.000000
0.126944 -0.424989 -0.677277 1.000000
BoneName: mixamorig:RightHandIndex2
BoneIndex: 38
ParentIndex: 37
ChildCount: 1
39
1.000000 0.000000 -0.000000 0.000000
0.000000 0.999759 0.021944 0.000000
-0.000000 -0.021944 0.999759 -0.000000
-0.000008 0.035375 0.000000 1.000000
0.338889 -0.939627 -0.047487 0.000000
0.012133 -0.046104 0.998863 0.000000
-0.940748 -0.339080 -0.004224 -0.000000
0.126952 -0.475115 -0.667011 1.000000
BoneName: mixamorig:RightHandIndex3
BoneIndex: 39
ParentIndex: 38
ChildCount: 1
40
1.000000 0.000000 -0.000000 0.000000
0.000000 0.999011 0.044456 0.000000
-0.000000 -0.044456 0.999011 -0.000000
0.000009 0.033562 0.000000 1.000000
0.338890 -0.940809 -0.005667 0.000000
0.012133 -0.001653 0.999925 0.000000
-0.940748 -0.338933 0.010855 -0.000000
0.126944 -0.537826 -0.643738 1.000000
BoneName: mixamorig:RightHandIndex4
BoneIndex: 40
ParentIndex: 39
ChildCount: 0
1.000000 0.000000 -0.000000 0.000000
0.000000 1.000000 -0.000000 0.000000
-0.000000 -0.000000 1.000000 -0.000000
-0.000000 0.019331 -0.000000 1.000000
1.000000 0.000000 0.000000 0.000000
0.000000 1.000000 0.000000 0.000000
0.000000 0.000000 1.000000 0.000000
0.000000 0.000000 0.000000 1.000000
BoneName: mixamorig:RightHandMiddle1
BoneIndex: 41
ParentIndex: 32
ChildCount: 1
42
0.998162 0.060607 -0.000000 0.000000
-0.060607 0.998162 -0.000211 0.000000
-0.000013 0.000210 1.000000 -0.000000
-0.000077 0.081781 0.000229 1.000000
-0.034845 -0.997120 -0.067369 0.000000
-0.013689 -0.066927 0.997664 0.000000
-0.999299 0.035686 -0.011318 -0.000000
-0.011450 -0.437583 -0.677291 1.000000
BoneName: mixamorig:RightHandMiddle2
BoneIndex: 42
ParentIndex: 41
ChildCount: 1
43
1.000000 0.000000 -0.000000 0.000000
0.000000 0.999781 0.020937 0.000000
-0.000000 -0.020937 0.999781 -0.000000
0.000028 0.039013 -0.000000 1.000000
-0.034845 -0.998311 -0.046477 0.000000
-0.013689 -0.046024 0.998847 0.000000
-0.999299 0.035441 -0.012062 -0.000000
-0.011478 -0.490672 -0.667164 1.000000
BoneName: mixamorig:RightHandMiddle3
BoneIndex: 43
ParentIndex: 42
ChildCount: 1
44
1.000000 0.000000 -0.000000 0.000000
0.000000 0.991611 0.129254 0.000000
-0.000000 -0.129254 0.991611 -0.000000
0.000014 0.039096 -0.000000 1.000000
-0.034845 -0.995944 0.082950 0.000000
-0.013689 0.083468 0.996416 0.000000
-0.999299 0.033585 -0.016542 -0.000000
-0.011492 -0.611559 -0.593092 1.000000
BoneName: mixamorig:RightHandMiddle4
BoneIndex: 44
ParentIndex: 43
ChildCount: 0
1.000000 0.000000 -0.000000 0.000000
0.000000 1.000000 -0.000000 0.000000
-0.000000 -0.000000 1.000000 -0.000000
-0.000042 0.023760 0.000000 1.000000
1.000000 0.000000 0.000000 0.000000
0.000000 1.000000 0.000000 0.000000
0.000000 0.000000 1.000000 0.000000
0.000000 0.000000 0.000000 1.000000
BoneName: mixamorig:RightHandRing1
BoneIndex: 45
ParentIndex: 32
ChildCount: 1
46
0.938646 0.344881 -0.000000 0.000000
-0.343928 0.936054 -0.074273 0.000000
-0.025615 0.069716 0.997238 -0.000000
-0.028718 0.075561 0.000869 1.000000
-0.319910 -0.937466 -0.137165 0.000000
-0.032283 -0.133904 0.990468 0.000000
-0.946898 0.321289 0.012573 -0.000000
-0.107722 -0.368508 -0.707162 1.000000
BoneName: mixamorig:RightHandRing2
BoneIndex: 46
ParentIndex: 45
ChildCount: 1
47
1.000000 0.000000 -0.000000 0.000000
0.000000 0.995672 0.092940 0.000000
-0.000000 -0.092940 0.995672 -0.000000
0.000071 0.034493 0.000000 1.000000
-0.319910 -0.946157 -0.049444 0.000000
-0.032283 -0.041270 0.998626 0.000000
-0.946898 0.321067 -0.017342 -0.000000
-0.107793 -0.466980 -0.666647 1.000000
BoneName: mixamorig:RightHandRing3
BoneIndex: 47
ParentIndex: 46
ChildCount: 1
48
1.000000 0.000000 -0.000000 0.000000
0.000000 0.999970 -0.007706 0.000000
-0.000000 0.007706 0.999970 -0.000000
-0.000057 0.033621 0.000000 1.000000
-0.319910 -0.945748 -0.056733 0.000000
-0.032283 -0.048964 0.998279 0.000000
-0.946898 0.321191 -0.014868 -0.000000
-0.107736 -0.495449 -0.670484 1.000000
BoneName: mixamorig:RightHandRing4
BoneIndex: 48
ParentIndex: 47
ChildCount: 0
1.000000 0.000000 -0.000000 0.000000
0.000000 1.000000 -0.000000 0.000000
-0.000000 -0.000000 1.000000 -0.000000
-0.000014 0.020764 0.000000 1.000000
1.000000 0.000000 0.000000 0.000000
0.000000 1.000000 0.000000 0.000000
0.000000 0.000000 1.000000 0.000000
0.000000 0.000000 0.000000 1.000000
BoneName: mixamorig:LeftUpLeg
BoneIndex: 49
ParentIndex: 2
ChildCount: 1
50
-0.999762 -0.021782 -0.000951 0.000000
0.021802 -0.998810 -0.043630 0.000000
-0.000000 -0.043640 0.999047 -0.000000
0.102054 -0.038235 -0.001551 1.000000
-0.999762 0.021802 -0.000000 0.000000
-0.021782 -0.998810 -0.043640 0.000000
-0.000951 -0.043630 0.999047 -0.000000
0.108834 0.309812 0.014891 1.000000
BoneName: mixamorig:LeftLeg
BoneIndex: 50
ParentIndex: 49
ChildCount: 1
51
0.992624 -0.121232 -0.000000 0.000000
0.117639 0.963207 0.241647 0.000000
-0.029295 -0.239865 0.970364 -0.000000
0.000000 0.130138 0.000000 1.000000
-0.995031 -0.096611 0.024059 0.000000
0.099466 -0.975169 0.197871 0.000000
0.004345 0.199281 0.979933 -0.000000
0.086249 0.189464 -0.031836 1.000000
BoneName: mixamorig:LeftFoot
BoneIndex: 51
ParentIndex: 50
ChildCount: 1
52
0.995336 -0.000000 -0.096472 0.000000
-0.082009 0.526658 -0.846112 0.000000
0.050808 0.850077 0.524202 -0.000000
0.000000 0.109611 -0.000000 1.000000
-0.992711 0.010364 -0.120070 0.000000
0.079913 -0.689159 -0.720190 0.000000
-0.090212 -0.724536 0.683307 -0.000000
0.088918 0.061919 0.055576 1.000000
BoneName: mixamorig:LeftToeBase
BoneIndex: 52
ParentIndex: 51
ChildCount: 1
53
0.994108 -0.000000 0.108396 0.000000
0.076119 0.711950 -0.698092 0.000000
-0.077172 0.702230 0.707755 -0.000000
-0.000000 0.104346 0.000000 1.000000
-0.999877 0.015635 -0.001093 0.000000
0.001377 0.018196 -0.999833 0.000000
-0.015613 -0.999712 -0.018215 -0.000000
0.094419 -0.062234 0.002679 1.000000
BoneName: mixamorig:LeftToe_End
BoneIndex: 53
ParentIndex: 52
ChildCount: 0
1.000000 0.000000 -0.000000 0.000000
0.000000 1.000000 -0.000000 0.000000
-0.000000 -0.000000 1.000000 -0.000000
0.000000 0.044916 0.000000 1.000000
1.000000 0.000000 0.000000 0.000000
0.000000 1.000000 0.000000 0.000000
0.000000 0.000000 1.000000 0.000000
0.000000 0.000000 0.000000 1.000000
BoneName: mixamorig:RightUpLeg
BoneIndex: 54
ParentIndex: 2
ChildCount: 1
55
-0.999762 0.021775 0.001023 0.000000
-0.021799 -0.998661 -0.046914 0.000000
-0.000000 -0.046925 0.998898 -0.000000
-0.102054 -0.038235 -0.000055 1.000000
-0.999762 -0.021799 -0.000000 0.000000
0.021775 -0.998661 -0.046925 0.000000
0.001023 -0.046914 0.998898 -0.000000
-0.108834 0.309832 0.014423 1.000000
BoneName: mixamorig:RightLeg
BoneIndex: 55
ParentIndex: 54
ChildCount: 1
56
0.992627 0.121206 -0.000000 0.000000
-0.118126 0.967402 0.224006 0.000000
0.027151 -0.222355 0.974588 -0.000000
-0.000000 0.130158 -0.000000 1.000000
-0.995034 0.097009 -0.022297 0.000000
-0.099429 -0.979191 0.176916 0.000000
-0.004671 0.178254 0.983973 -0.000000
-0.086254 0.189904 -0.028850 1.000000
BoneName: mixamorig:RightFoot
BoneIndex: 56
ParentIndex: 55
ChildCount: 1
57
0.994984 0.000000 0.100034 0.000000
0.083211 0.555032 -0.827656 0.000000
-0.055522 0.831829 0.552248 -0.000000
0.000000 0.109160 0.000000 1.000000
-0.992273 -0.010500 0.123628 0.000000
-0.081233 -0.698182 -0.711297 0.000000
0.093784 -0.715844 0.691934 -0.000000
-0.088707 0.061516 0.056022 1.000000
BoneName: mixamorig:RightToeBase
BoneIndex: 57
ParentIndex: 56
ChildCount: 1
58
0.993702 0.000000 -0.112056 0.000000
-0.079686 0.703064 -0.706647 0.000000
0.078783 0.711126 0.698636 -0.000000
0.000000 0.102997 0.000000 1.000000
-0.999877 -0.015673 0.000730 0.000000
-0.001016 0.018243 -0.999833 0.000000
0.015658 -0.999711 -0.018256 -0.000000
-0.094426 -0.061682 0.002652 1.000000
BoneName: mixamorig:RightToe_End
BoneIndex: 58
ParentIndex: 57
ChildCount: 0
1.000000 0.000000 -0.000000 0.000000
0.000000 1.000000 -0.000000 0.000000
-0.000000 -0.000000 1.000000 -0.000000
-0.000000 0.044807 -0.000000 1.000000
1.000000 0.000000 0.000000 0.000000
0.000000 1.000000 0.000000 0.000000
0.000000 0.000000 1.000000 0.000000
0.000000 0.000000 0.000000 1.000000
