BoneCount: 27
RootBone: 0
BoneName: RootNode
BoneIndex: 0
ParentIndex: -1
ChildCount: 2
1
2
1.000000 0.000000 -0.000000 0.000000
0.000000 1.000000 -0.000000 0.000000
-0.000000 -0.000000 1.000000 -0.000000
0.000000 0.000000 -0.000000 1.000000
1.000000 0.000000 0.000000 0.000000
0.000000 1.000000 0.000000 0.000000
0.000000 0.000000 1.000000 0.000000
0.000000 0.000000 0.000000 1.000000
BoneName: Stickman
BoneIndex: 1
ParentIndex: 0
ChildCount: 0
1.000000 0.000000 -0.000000 0.000000
0.000000 1.000000 -0.000000 0.000000
-0.000000 -0.000000 1.000000 -0.000000
0.000000 0.000000 -0.000000 1.000000
1.000000 0.000000 0.000000 0.000000
0.000000 1.000000 0.000000 0.000000
0.000000 0.000000 1.000000 0.000000
0.000000 0.000000 0.000000 1.000000
BoneName: mixamorig:Hips
BoneIndex: 2
ParentIndex: 0
ChildCount: 3
3
17
22
1.000000 0.000000 -0.000000 0.000000
0.000000 1.000000 -0.000000 0.000000
-0.000000 -0.000000 1.000000 -0.000000
0.000000 1.656154 -0.075883 1.000000
1.000000 0.000000 -0.000000 0.000000
0.000000 1.000000 -0.000000 0.000000
-0.000000 -0.000000 1.000000 -0.000000
0.000000 -1.656154 0.075883 1.000000
BoneName: mixamorig:Spine
BoneIndex: 3
ParentIndex: 2
ChildCount: 1
4
1.000000 0.000000 -0.000000 0.000000
0.000000 0.999900 0.014173 0.000000
-0.000000 -0.014173 0.999900 -0.000000
0.000000 0.275559 0.003906 1.000000
1.000000 0.000000 -0.000000 0.000000
0.000000 0.999900 -0.014173 0.000000
-0.000000 0.014173 0.999900 -0.000000
0.000000 -1.930499 0.099348 1.000000
BoneName: mixamorig:Spine1
BoneIndex: 4
ParentIndex: 3
ChildCount: 1
5
1.000000 0.000000 -0.000000 0.000000
0.000000 1.000000 -0.000000 0.000000
-0.000000 -0.000000 1.000000 -0.000000
0.000000 0.321518 -0.000000 1.000000
1.000000 0.000000 -0.000000 0.000000
0.000000 0.999900 -0.014173 0.000000
-0.000000 0.014173 0.999900 -0.000000
0.000000 -2.252017 0.099348 1.000000
BoneName: mixamorig:Spine2
BoneIndex: 5
ParentIndex: 4
ChildCount: 3
6
9
13
1.000000 0.000000 -0.000000 0.000000
0.000000 1.000000 -0.000000 0.000000
-0.000000 -0.000000 1.000000 -0.000000
0.000000 0.367449 -0.000000 1.000000
1.000000 0.000000 -0.000000 0.000000
0.000000 0.999900 -0.014173 0.000000
-0.000000 0.014173 0.999900 -0.000000
0.000000 -2.619467 0.099348 1.000000
BoneName: mixamorig:Neck
BoneIndex: 6
ParentIndex: 5
ChildCount: 1
7
1.000000 0.000000 -0.000000 0.000000
0.000000 0.999900 -0.014173 0.000000
-0.000000 0.014173 0.999900 -0.000000
0.000000 0.413381 -0.000000 1.000000
1.000000 0.000000 -0.000000 0.000000
0.000000 1.000000 -0.000000 0.000000
-0.000000 -0.000000 1.000000 -0.000000
0.000000 -3.033951 0.056354 1.000000
BoneName: mixamorig:Head
BoneIndex: 7
ParentIndex: 6
ChildCount: 1
8
1.000000 0.000000 -0.000000 0.000000
0.000000 1.000000 -0.000000 0.000000
-0.000000 -0.000000 1.000000 -0.000000
0.000000 0.341414 -0.003492 1.000000
1.000000 0.000000 -0.000000 0.000000
0.000000 1.000000 -0.000000 0.000000
-0.000000 -0.000000 1.000000 -0.000000
0.000000 -3.375365 0.059846 1.000000
BoneName: mixamorig:HeadTop_End
BoneIndex: 8
ParentIndex: 7
ChildCount: 0
1.000000 0.000000 -0.000000 0.000000
0.000000 1.000000 -0.000000 0.000000
-0.000000 -0.000000 1.000000 -0.000000
0.000000 1.124308 -0.011498 1.000000
1.000000 0.000000 0.000000 0.000000
0.000000 1.000000 0.000000 0.000000
0.000000 0.000000 1.000000 0.000000
0.000000 0.000000 0.000000 1.000000
BoneName: mixamorig:LeftShoulder
BoneIndex: 9
ParentIndex: 5
ChildCount: 1
10
0.016290 0.000041 0.999867 0.000000
0.954113 -0.299045 -0.015533 0.000000
0.299005 0.954239 -0.004911 -0.000000
0.147112 0.367634 -0.002412 1.000000
0.016290 0.954113 0.299005 0.000000
-0.014129 -0.298795 0.954213 0.000000
0.999767 -0.019769 0.008614 -0.000000
0.099226 0.751336 -2.894895 1.000000
BoneName: mixamorig:LeftArm
BoneIndex: 10
ParentIndex: 9
ChildCount: 1
11
0.999518 -0.031053 -0.000000 0.000000
0.029716 0.956478 0.290287 0.000000
-0.009014 -0.290147 0.956940 -0.000000
0.000000 0.309583 -0.000000 1.000000
-0.013346 0.999869 0.009150 0.000000
-0.004844 -0.009216 0.999946 0.000000
0.999899 0.013300 0.004967 -0.000000
0.085461 -0.414874 -2.899308 1.000000
BoneName: mixamorig:LeftForeArm
BoneIndex: 11
ParentIndex: 10
ChildCount: 1
12
0.999864 0.016491 -0.000000 0.000000
-0.016491 0.999864 0.000862 0.000000
0.000014 -0.000862 1.000000 -0.000000
0.000000 0.618865 -0.000000 1.000000
0.003145 0.999961 0.008288 0.000000
-0.004996 -0.008272 0.999953 0.000000
0.999983 -0.003186 0.004969 -0.000000
0.068402 -1.037507 -2.898414 1.000000
BoneName: mixamorig:LeftHand
BoneIndex: 12
ParentIndex: 11
ChildCount: 0
1.000000 0.000000 -0.000000 0.000000
0.000000 1.000000 -0.000000 0.000000
-0.000000 -0.000000 1.000000 -0.000000
0.000000 0.600598 -0.000000 1.000000
0.003145 0.999961 0.008288 0.000000
-0.004996 -0.008272 0.999953 0.000000
0.999983 -0.003186 0.004969 -0.000000
0.068402 -1.638105 -2.898414 1.000000
BoneName: mixamorig:RightShoulder
BoneIndex: 13
ParentIndex: 5
ChildCount: 1
14
0.028741 -0.000059 -0.999587 0.000000
-0.953821 -0.299122 -0.027408 0.000000
-0.298997 0.954215 -0.008653 -0.000000
-0.147112 0.367608 -0.004251 1.000000
0.028741 -0.953821 -0.298997 0.000000
0.014108 -0.298704 0.954242 0.000000
-0.999487 -0.031644 0.004872 -0.000000
-0.099153 0.750343 -2.895194 1.000000
BoneName: mixamorig:RightArm
BoneIndex: 14
ParentIndex: 13
ChildCount: 1
15
0.998338 0.057637 -0.000000 0.000000
-0.055157 0.955370 0.290217 0.000000
0.016727 -0.289735 0.956961 -0.000000
0.000000 0.309678 -0.000000 1.000000
-0.026283 -0.999611 -0.009292 0.000000
-0.003132 -0.009213 0.999953 0.000000
-0.999650 0.026310 -0.002888 -0.000000
-0.073590 -0.413769 -2.899921 1.000000
BoneName: mixamorig:RightForeArm
BoneIndex: 15
ParentIndex: 14
ChildCount: 1
16
0.999370 -0.035485 -0.000000 0.000000
0.035485 0.999370 0.001047 0.000000
-0.000037 -0.001046 0.999999 -0.000000
0.000000 0.619024 -0.000000 1.000000
0.009205 -0.999924 -0.008246 0.000000
-0.002803 -0.008272 0.999962 0.000000
-0.999954 -0.009181 -0.002879 -0.000000
-0.036895 -1.037789 -2.898836 1.000000
BoneName: mixamorig:RightHand
BoneIndex: 16
ParentIndex: 15
ChildCount: 0
1.000000 0.000000 -0.000000 0.000000
0.000000 1.000000 -0.000000 0.000000
-0.000000 -0.000000 1.000000 -0.000000
0.000000 0.600620 -0.000000 1.000000
0.009205 -0.999924 -0.008246 0.000000
-0.002803 -0.008272 0.999962 0.000000
-0.999954 -0.009181 -0.002879 -0.000000
-0.036895 -1.638409 -2.898836 1.000000
BoneName: mixamorig:LeftUpLeg
BoneIndex: 17
ParentIndex: 2
ChildCount: 1
18
-0.999986 -0.005293 0.000096 0.000000
0.005294 -0.999822 0.018121 0.000000
-0.000000 0.018122 0.999836 -0.000000
0.293748 -0.152879 0.012759 1.000000
-0.999986 0.005294 -0.000000 0.000000
-0.005293 -0.999822 0.018122 0.000000
0.000096 0.018121 0.999836 -0.000000
0.301706 1.502596 0.035872 1.000000
BoneName: mixamorig:LeftLeg
BoneIndex: 18
ParentIndex: 17
ChildCount: 1
19
0.999821 -0.018946 -0.000000 0.000000
0.018946 0.999803 -0.005982 0.000000
0.000113 0.005981 0.999982 -0.000000
-0.000000 0.674556 -0.000000 1.000000
-0.999907 -0.013653 -0.000082 0.000000
0.013651 -0.999833 0.012141 0.000000
-0.000247 0.012139 0.999926 -0.000000
0.285964 0.833378 0.040858 1.000000
BoneName: mixamorig:LeftFoot
BoneIndex: 19
ParentIndex: 18
ChildCount: 1
20
0.997389 0.000000 -0.072214 0.000000
-0.056804 0.617449 -0.784557 0.000000
0.044588 0.786611 0.615837 -0.000000
0.000000 0.403431 -0.000000 1.000000
-0.997290 0.048433 -0.055374 0.000000
0.012739 -0.627647 -0.778394 0.000000
-0.072455 -0.776990 0.625329 -0.000000
0.282267 0.217171 0.376113 1.000000
BoneName: mixamorig:LeftToeBase
BoneIndex: 20
ParentIndex: 19
ChildCount: 1
21
0.997231 0.000000 -0.074362 0.000000
-0.046966 0.775301 -0.629844 0.000000
0.057653 0.631592 0.773154 -0.000000
-0.000000 0.665807 -0.000000 1.000000
-0.990411 0.119266 -0.069719 0.000000
0.070586 0.003053 -0.997501 0.000000
-0.118755 -0.992858 -0.011443 -0.000000
0.253517 -0.597978 0.023711 1.000000
BoneName: mixamorig:LeftToe_End
BoneIndex: 21
ParentIndex: 20
ChildCount: 0
1.000000 0.000000 -0.000000 0.000000
0.000000 1.000000 -0.000000 0.000000
-0.000000 -0.000000 1.000000 -0.000000
0.000000 0.242500 -0.000000 1.000000
1.000000 0.000000 0.000000 0.000000
0.000000 1.000000 0.000000 0.000000
0.000000 0.000000 1.000000 0.000000
0.000000 0.000000 0.000000 1.000000
BoneName: mixamorig:RightUpLeg
BoneIndex: 22
ParentIndex: 2
ChildCount: 1
23
-0.999986 0.005293 -0.000104 0.000000
-0.005294 -0.999795 0.019561 0.000000
0.000000 0.019561 0.999809 -0.000000
-0.293748 -0.152879 0.008733 1.000000
-0.999986 -0.005293 0.000000 0.000000
0.005292 -0.999795 0.019561 0.000000
-0.000104 0.019561 0.999809 -0.000000
-0.301707 1.502725 0.037731 1.000000
BoneName: mixamorig:RightLeg
BoneIndex: 23
ParentIndex: 22
ChildCount: 1
24
0.999821 0.018943 -0.000000 0.000000
-0.018943 0.999811 0.004375 0.000000
0.000083 -0.004375 0.999990 -0.000000
-0.000000 0.674574 -0.000000 1.000000
-0.999907 0.013650 -0.000060 0.000000
-0.013648 -0.999620 0.023935 0.000000
0.000267 0.023934 0.999713 -0.000000
-0.285965 0.833874 0.034083 1.000000
BoneName: mixamorig:RightFoot
BoneIndex: 24
ParentIndex: 23
ChildCount: 1
25
0.997437 0.000000 0.071557 0.000000
0.056797 0.608266 -0.791699 0.000000
-0.043526 0.793733 0.606707 -0.000000
0.000000 0.403517 0.000000 1.000000
-0.997348 -0.048442 0.054320 0.000000
-0.011900 -0.627760 -0.778316 0.000000
0.071803 -0.776898 0.625518 -0.000000
-0.282793 0.218546 0.374714 1.000000
BoneName: mixamorig:RightToeBase
BoneIndex: 25
ParentIndex: 24
ChildCount: 1
26
0.997394 0.000000 0.072143 0.000000
0.045562 0.775334 -0.629906 0.000000
-0.055935 0.631552 0.773313 -0.000000
-0.000000 0.665687 -0.000000 1.000000
-0.990830 -0.117216 0.067200 0.000000
-0.068019 0.003001 -0.997680 0.000000
0.116742 -0.993102 -0.010946 -0.000000
-0.255023 -0.595603 0.023196 1.000000
BoneName: mixamorig:RightToe_End
BoneIndex: 26
ParentIndex: 25
ChildCount: 0
1.000000 0.000000 -0.000000 0.000000
0.000000 1.000000 -0.000000 0.000000
-0.000000 -0.000000 1.000000 -0.000000
0.000000 0.246741 0.000000 1.000000
1.000000 0.000000 0.000000 0.000000
0.000000 1.000000 0.000000 0.000000
0.000000 0.000000 1.000000 0.000000
0.000000 0.000000 0.000000 1.000000
