BoneCount: 67
RootBone: 0
BoneName: RootNode
BoneIndex: 0
ParentIndex: -1
ChildCount: 2
1
66
1.000000 0.000000 -0.000000 0.000000
0.000000 1.000000 -0.000000 0.000000
-0.000000 -0.000000 1.000000 -0.000000
0.000000 0.000000 -0.000000 1.000000
1.000000 0.000000 0.000000 0.000000
0.000000 1.000000 0.000000 0.000000
0.000000 0.000000 1.000000 0.000000
0.000000 0.000000 0.000000 1.000000
BoneName: mixamorig6:Hips
BoneIndex: 1
ParentIndex: 0
ChildCount: 3
2
56
61
1.000000 0.000000 -0.000000 0.000000
0.000000 1.000000 -0.000000 0.000000
-0.000000 -0.000000 1.000000 -0.000000
0.000000 0.640306 -0.000960 1.000000
1.000000 0.000000 -0.000000 0.000000
0.000000 1.000000 -0.000000 0.000000
-0.000000 -0.000000 1.000000 -0.000000
0.000000 -0.640306 0.000960 1.000000
BoneName: mixamorig6:Spine
BoneIndex: 2
ParentIndex: 1
ChildCount: 1
3
1.000000 0.000000 -0.000000 0.000000
0.000000 0.999896 -0.014404 0.000000
-0.000000 0.014404 0.999896 -0.000000
0.000000 0.062923 -0.000906 1.000000
1.000000 0.000000 -0.000000 0.000000
0.000000 0.999896 0.014404 0.000000
-0.000000 -0.014404 0.999896 -0.000000
0.000000 -0.703183 -0.008263 1.000000
BoneName: mixamorig6:Spine1
BoneIndex: 3
ParentIndex: 2
ChildCount: 1
4
1.000000 0.000000 -0.000000 0.000000
0.000000 1.000000 -0.000000 0.000000
-0.000000 -0.000000 1.000000 -0.000000
0.000000 0.073417 -0.000000 1.000000
1.000000 0.000000 -0.000000 0.000000
0.000000 0.999896 0.014404 0.000000
-0.000000 -0.014404 0.999896 -0.000000
0.000000 -0.776600 -0.008263 1.000000
BoneName: mixamorig6:Spine2
BoneIndex: 4
ParentIndex: 3
ChildCount: 3
5
8
32
1.000000 0.000000 -0.000000 0.000000
0.000000 1.000000 -0.000000 0.000000
-0.000000 -0.000000 1.000000 -0.000000
0.000000 0.083906 -0.000000 1.000000
1.000000 0.000000 -0.000000 0.000000
0.000000 0.999896 0.014404 0.000000
-0.000000 -0.014404 0.999896 -0.000000
0.000000 -0.860506 -0.008263 1.000000
BoneName: mixamorig6:Neck
BoneIndex: 5
ParentIndex: 4
ChildCount: 1
6
1.000000 0.000000 -0.000000 0.000000
0.000000 0.999896 0.014404 0.000000
-0.000000 -0.014404 0.999896 -0.000000
0.000000 0.094394 -0.000000 1.000000
1.000000 0.000000 -0.000000 0.000000
0.000000 1.000000 0.000000 0.000000
-0.000000 -0.000000 1.000000 -0.000000
0.000000 -0.954920 0.005492 1.000000
BoneName: mixamorig6:Head
BoneIndex: 6
ParentIndex: 5
ChildCount: 1
7
1.000000 0.000000 -0.000000 0.000000
0.000000 1.000000 -0.000000 0.000000
-0.000000 -0.000000 1.000000 -0.000000
0.000000 0.092283 -0.030157 1.000000
1.000000 0.000000 -0.000000 0.000000
0.000000 1.000000 0.000000 0.000000
-0.000000 -0.000000 1.000000 -0.000000
0.000000 -1.047203 0.035649 1.000000
BoneName: mixamorig6:HeadTop_End
BoneIndex: 7
ParentIndex: 6
ChildCount: 0
1.000000 0.000000 -0.000000 0.000000
0.000000 1.000000 -0.000000 0.000000
-0.000000 -0.000000 1.000000 -0.000000
0.000000 0.525422 -0.171701 1.000000
1.000000 0.000000 0.000000 0.000000
0.000000 1.000000 0.000000 0.000000
0.000000 0.000000 1.000000 0.000000
0.000000 0.000000 0.000000 1.000000
BoneName: mixamorig6:LeftShoulder
BoneIndex: 8
ParentIndex: 4
ChildCount: 1
9
0.011383 0.000041 0.999935 0.000000
0.931079 -0.364665 -0.010584 0.000000
0.364641 0.931139 -0.004189 -0.000000
0.029568 0.082699 -0.000340 1.000000
0.011383 0.931079 0.364641 0.000000
0.014444 -0.364779 0.930982 0.000000
0.999831 -0.005330 -0.017601 -0.000000
-0.008298 0.316508 -0.889004 1.000000
BoneName: mixamorig6:LeftArm
BoneIndex: 9
ParentIndex: 8
ChildCount: 1
10
0.999262 -0.038412 -0.000000 0.000000
0.036806 0.957480 0.286143 0.000000
-0.010991 -0.285932 0.958187 -0.000000
-0.000000 0.064354 -0.000000 1.000000
-0.024390 0.996247 0.083044 0.000000
0.028446 -0.082343 0.996198 0.000000
0.999298 0.026660 -0.026331 -0.000000
-0.017978 -0.013256 -0.923839 1.000000
BoneName: mixamorig6:LeftForeArm
BoneIndex: 10
ParentIndex: 9
ChildCount: 1
11
0.999248 0.038782 -0.000000 0.000000
-0.038170 0.983470 0.177003 0.000000
0.006865 -0.176870 0.984210 -0.000000
0.000000 0.235980 -0.000000 1.000000
0.014265 0.995409 -0.094642 0.000000
0.025231 0.094263 0.995228 0.000000
0.999580 -0.016584 -0.023770 -0.000000
-0.027630 -0.407952 -0.865293 1.000000
BoneName: mixamorig6:LeftHand
BoneIndex: 11
ParentIndex: 10
ChildCount: 5
12
16
20
24
28
0.993232 0.089914 0.073518 0.000000
0.075374 -0.980593 0.180987 0.000000
0.088365 -0.174221 -0.980734 -0.000000
0.000000 0.214442 0.000000 1.000000
0.096712 -0.992145 -0.079343 0.000000
0.106703 0.089592 -0.990246 0.000000
0.989576 0.087302 0.114530 -0.000000
-0.147020 0.451625 0.954615 1.000000
BoneName: mixamorig6:LeftHandThumb1
BoneIndex: 12
ParentIndex: 11
ChildCount: 1
13
0.660458 -0.669829 0.339299 0.000000
0.742276 0.650588 -0.160503 0.000000
-0.113234 0.357859 0.926884 -0.000000
-0.017763 -0.027256 -0.000460 1.000000
0.701521 -0.560956 -0.439541 0.000000
-0.325528 0.296428 -0.897865 0.000000
0.633956 0.772954 0.025344 -0.000000
-0.082081 0.062317 1.071252 1.000000
BoneName: LeftHandThumb2
BoneIndex: 13
ParentIndex: 12
ChildCount: 1
14
-0.917528 -0.388885 -0.083131 0.000000
-0.397453 0.889853 0.224038 0.000000
-0.013151 0.238602 -0.971028 -0.000000
-0.005532 -0.037614 -0.001344 1.000000
-0.388979 -0.876464 0.283735 0.000000
0.258045 0.192004 0.946862 0.000000
-0.884369 0.441526 0.151482 -0.000000
-0.057791 0.359652 -1.016671 1.000000
BoneName: LeftHandThumb3
BoneIndex: 14
ParentIndex: 13
ChildCount: 1
15
1.000000 0.000000 -0.000000 0.000000
0.000000 0.999600 -0.028284 0.000000
-0.000000 0.028284 0.999600 -0.000000
0.003589 -0.044302 0.000249 1.000000
-0.388979 -0.884139 0.258832 0.000000
0.258045 0.165146 0.951914 0.000000
-0.884369 0.437065 0.163909 -0.000000
-0.061380 0.432554 -1.005088 1.000000
BoneName: LeftHandThumb4
BoneIndex: 15
ParentIndex: 14
ChildCount: 0
1.000000 0.000000 -0.000000 0.000000
0.000000 1.000000 -0.000000 0.000000
-0.000000 -0.000000 1.000000 -0.000000
0.000976 -0.031828 0.000001 1.000000
-0.388979 -0.884139 0.258832 0.000000
0.258045 0.165146 0.951914 0.000000
-0.884369 0.437065 0.163909 -0.000000
-0.062355 0.464383 -1.005089 1.000000
BoneName: mixamorig6:LeftHandIndex1
BoneIndex: 16
ParentIndex: 11
ChildCount: 1
17
0.993784 0.000881 0.111321 0.000000
-0.002698 0.999865 0.016180 0.000000
-0.111291 -0.016380 0.993653 -0.000000
-0.020234 -0.095017 -0.022263 1.000000
0.086405 -0.993556 -0.073351 0.000000
-0.004116 0.073270 -0.997304 0.000000
0.996252 0.086474 0.002241 -0.000000
-0.016769 0.562717 0.975834 1.000000
BoneName: mixamorig6:LeftHandIndex2
BoneIndex: 17
ParentIndex: 16
ChildCount: 1
18
1.000000 0.000000 -0.000000 0.000000
0.000000 0.999261 0.038425 0.000000
-0.000000 -0.038425 0.999261 -0.000000
0.000888 -0.040227 -0.002795 1.000000
0.086405 -0.995641 -0.035120 0.000000
-0.004116 0.034894 -0.999383 0.000000
0.996252 0.086496 -0.001083 -0.000000
-0.017658 0.640103 0.954738 1.000000
BoneName: mixamorig6:LeftHandIndex3
BoneIndex: 18
ParentIndex: 17
ChildCount: 1
19
1.000000 0.000000 -0.000000 0.000000
0.000000 0.999998 0.001807 0.000000
-0.000000 -0.001807 0.999998 -0.000000
-0.000081 -0.031143 0.000001 1.000000
0.086405 -0.995703 -0.033321 0.000000
-0.004116 0.033089 -0.999444 0.000000
0.996252 0.086494 -0.001239 -0.000000
-0.017577 0.672969 0.953523 1.000000
BoneName: mixamorig6:LeftHandIndex4
BoneIndex: 19
ParentIndex: 18
ChildCount: 0
1.000000 0.000000 -0.000000 0.000000
0.000000 1.000000 -0.000000 0.000000
-0.000000 -0.000000 1.000000 -0.000000
-0.000185 -0.027514 -0.000001 1.000000
0.086405 -0.995703 -0.033321 0.000000
-0.004116 0.033089 -0.999444 0.000000
0.996252 0.086494 -0.001239 -0.000000
-0.017392 0.700483 0.953523 1.000000
BoneName: mixamorig6:LeftHandMiddle1
BoneIndex: 20
ParentIndex: 11
ChildCount: 1
21
0.987039 0.078167 0.140161 0.000000
-0.086370 0.994829 0.053429 0.000000
-0.135259 -0.064842 0.988686 -0.000000
0.004656 -0.096063 -0.020311 1.000000
0.006785 -0.999607 -0.027194 0.000000
-0.026470 0.027005 -0.999285 0.000000
0.999627 0.007500 -0.026277 -0.000000
0.029747 0.610046 0.948898 1.000000
BoneName: mixamorig6:LeftHandMiddle2
BoneIndex: 21
ParentIndex: 20
ChildCount: 1
22
1.000000 0.000000 -0.000000 0.000000
0.000000 0.999959 0.009025 0.000000
-0.000000 -0.009025 0.999959 -0.000000
0.000339 -0.047399 0.000837 1.000000
0.006785 -0.999812 -0.018171 0.000000
-0.026470 0.017985 -0.999488 0.000000
0.999627 0.007263 -0.026343 -0.000000
0.029408 0.665974 0.942089 1.000000
BoneName: mixamorig6:LeftHandMiddle3
BoneIndex: 22
ParentIndex: 21
ChildCount: 1
23
1.000000 0.000000 -0.000000 0.000000
0.000000 0.999032 -0.043982 0.000000
-0.000000 0.043982 0.999032 -0.000000
0.000032 -0.039005 0.002624 1.000000
0.006785 -0.998045 -0.062127 0.000000
-0.026470 0.061927 -0.997730 0.000000
0.999627 0.008414 -0.025998 -0.000000
0.029376 0.662978 0.969562 1.000000
BoneName: mixamorig6:LeftHandMiddle4
BoneIndex: 23
ParentIndex: 22
ChildCount: 0
1.000000 0.000000 -0.000000 0.000000
0.000000 1.000000 -0.000000 0.000000
-0.000000 -0.000000 1.000000 -0.000000
-0.000143 -0.027825 0.000001 1.000000
0.006785 -0.998045 -0.062127 0.000000
-0.026470 0.061927 -0.997730 0.000000
0.999627 0.008414 -0.025998 -0.000000
0.029518 0.690803 0.969562 1.000000
BoneName: mixamorig6:LeftHandRing1
BoneIndex: 24
ParentIndex: 11
ChildCount: 1
25
0.980613 0.160324 0.112667 0.000000
-0.169891 0.982118 0.081121 0.000000
-0.097646 -0.098690 0.990316 -0.000000
0.026829 -0.088524 -0.014581 1.000000
-0.073167 -0.997271 0.009897 0.000000
0.007431 -0.010468 -0.999918 0.000000
0.997292 -0.073088 0.008176 -0.000000
0.025317 0.638648 0.923479 1.000000
BoneName: mixamorig6:LeftHandRing2
BoneIndex: 25
ParentIndex: 24
ChildCount: 1
26
1.000000 0.000000 -0.000000 0.000000
0.000000 0.998480 -0.055114 0.000000
-0.000000 0.055114 0.998480 -0.000000
-0.000963 -0.043196 0.002121 1.000000
-0.073167 -0.996300 -0.045082 0.000000
0.007431 0.044657 -0.998975 0.000000
0.997292 -0.073427 0.004136 -0.000000
0.026279 0.630029 0.957537 1.000000
BoneName: mixamorig6:LeftHandRing3
BoneIndex: 26
ParentIndex: 25
ChildCount: 1
27
1.000000 0.000000 -0.000000 0.000000
0.000000 0.998798 0.049009 0.000000
-0.000000 -0.049009 0.998798 -0.000000
-0.000523 -0.032270 -0.000239 1.000000
-0.073167 -0.997312 0.003800 0.000000
0.007431 -0.004356 -0.999963 0.000000
0.997292 -0.073136 0.007729 -0.000000
0.026803 0.708443 0.924166 1.000000
BoneName: mixamorig6:LeftHandRing4
BoneIndex: 27
ParentIndex: 26
ChildCount: 0
1.000000 0.000000 -0.000000 0.000000
0.000000 1.000000 -0.000000 0.000000
-0.000000 -0.000000 1.000000 -0.000000
0.000047 -0.023827 -0.000001 1.000000
-0.073167 -0.997312 0.003800 0.000000
0.007431 -0.004356 -0.999963 0.000000
0.997292 -0.073136 0.007729 -0.000000
0.026755 0.732271 0.924167 1.000000
BoneName: mixamorig6:LeftHandPinky1
BoneIndex: 28
ParentIndex: 11
ChildCount: 1
29
0.973151 0.201869 0.110575 0.000000
-0.215574 0.967725 0.130523 0.000000
-0.080658 -0.150856 0.985260 -0.000000
0.046360 -0.084464 0.000937 1.000000
-0.114941 -0.991328 0.063698 0.000000
0.012427 -0.065552 -0.997772 0.000000
0.993295 -0.113893 0.019854 -0.000000
0.025485 0.684952 0.874346 1.000000
BoneName: mixamorig6:LeftHandPinky2
BoneIndex: 29
ParentIndex: 28
ChildCount: 1
30
1.000000 0.000000 -0.000000 0.000000
0.000000 0.998333 -0.057712 0.000000
-0.000000 0.057712 0.998333 -0.000000
-0.000517 -0.032834 0.000329 1.000000
-0.114941 -0.993352 0.006380 0.000000
0.012427 -0.007860 -0.999892 0.000000
0.993295 -0.114849 0.013248 -0.000000
0.026003 0.666149 0.913985 1.000000
BoneName: mixamorig6:LeftHandPinky3
BoneIndex: 30
ParentIndex: 29
ChildCount: 1
31
0.999937 0.005419 -0.009859 0.000000
-0.005309 0.999924 0.011106 0.000000
0.009918 -0.011053 0.999890 -0.000000
-0.000491 -0.025855 0.000023 1.000000
-0.120380 -0.992595 0.016219 0.000000
0.022242 -0.019030 -0.999572 0.000000
0.992479 -0.119967 0.024368 -0.000000
0.021231 0.701962 0.906475 1.000000
BoneName: mixamorig6:LeftHandPinky4
BoneIndex: 31
ParentIndex: 30
ChildCount: 0
1.000000 0.000000 -0.000000 0.000000
0.000000 1.000000 -0.000000 0.000000
-0.000000 -0.000000 1.000000 -0.000000
0.000002 -0.019525 -0.000000 1.000000
-0.120380 -0.992595 0.016219 0.000000
0.022242 -0.019030 -0.999572 0.000000
0.992479 -0.119967 0.024368 -0.000000
0.021229 0.721487 0.906476 1.000000
BoneName: mixamorig6:RightShoulder
BoneIndex: 32
ParentIndex: 4
ChildCount: 1
33
-0.000083 0.000006 -1.000000 0.000000
-0.931080 -0.364815 0.000075 0.000000
-0.364815 0.931080 0.000036 -0.000000
-0.029568 0.082694 0.000003 1.000000
-0.000083 -0.931080 -0.364816 0.000000
-0.014398 -0.364777 0.930984 0.000000
-0.999896 0.005330 -0.013375 -0.000000
0.008258 0.316563 -0.888982 1.000000
BoneName: mixamorig6:RightArm
BoneIndex: 33
ParentIndex: 32
ChildCount: 1
34
0.999718 0.023748 -0.000000 0.000000
-0.022753 0.957814 0.286487 0.000000
0.006804 -0.286406 0.958084 -0.000000
-0.000000 0.064354 -0.000000 1.000000
-0.022195 -0.996314 -0.082857 0.000000
-0.023057 -0.082346 0.996337 0.000000
-0.999488 0.024024 -0.021144 -0.000000
0.014245 -0.013300 -0.923898 1.000000
BoneName: mixamorig6:RightForeArm
BoneIndex: 34
ParentIndex: 33
ChildCount: 1
35
0.999086 -0.042743 -0.000000 0.000000
0.042069 0.983339 0.176847 0.000000
-0.007559 -0.176685 0.984238 -0.000000
-0.000000 0.235964 -0.000000 1.000000
0.020411 -0.995301 0.094650 0.000000
-0.019516 0.094255 0.995357 0.000000
-0.999601 -0.022163 -0.017500 -0.000000
0.024886 -0.407900 -0.865402 1.000000
BoneName: mixamorig6:RightHand
BoneIndex: 35
ParentIndex: 34
ChildCount: 5
36
40
44
48
52
0.993238 -0.084383 -0.079736 0.000000
0.068766 0.980974 -0.181555 0.000000
0.093539 0.174844 0.980143 -0.000000
0.000000 0.214466 -0.000000 1.000000
0.096712 -0.992145 -0.079343 0.000000
-0.106703 -0.089592 0.990246 0.000000
-0.989576 -0.087302 -0.114530 -0.000000
0.146238 -0.451695 -0.954707 1.000000
BoneName: mixamorig6:RightHandThumb1
BoneIndex: 36
ParentIndex: 35
ChildCount: 1
37
0.660458 -0.669829 0.339299 0.000000
0.742276 0.650588 -0.160503 0.000000
-0.113234 0.357859 0.926884 -0.000000
0.017762 0.027260 0.000460 1.000000
0.701521 -0.560956 -0.439541 0.000000
0.325528 -0.296428 0.897865 0.000000
-0.633956 -0.772954 -0.025344 -0.000000
0.081584 -0.062931 -1.071276 1.000000
BoneName: RightHandThumb2
BoneIndex: 37
ParentIndex: 36
ChildCount: 1
38
-0.917528 -0.388885 -0.083131 0.000000
-0.397453 0.889853 0.224038 0.000000
-0.013151 0.238602 -0.971028 -0.000000
0.005537 0.037610 0.001341 1.000000
-0.388979 -0.876464 0.283735 0.000000
-0.258045 -0.192004 -0.946862 0.000000
0.884369 -0.441526 -0.151482 -0.000000
0.058491 -0.359999 1.016552 1.000000
BoneName: RightHandThumb3
BoneIndex: 38
ParentIndex: 37
ChildCount: 1
39
1.000000 0.000000 -0.000000 0.000000
0.000000 0.999600 -0.028284 0.000000
-0.000000 0.028284 0.999600 -0.000000
-0.003588 0.044301 -0.000250 1.000000
-0.388979 -0.884139 0.258832 0.000000
-0.258045 -0.165146 -0.951914 0.000000
0.884369 -0.437065 -0.163909 -0.000000
0.062079 -0.432897 1.004960 1.000000
BoneName: RightHandThumb4
BoneIndex: 39
ParentIndex: 38
ChildCount: 0
1.000000 0.000000 -0.000000 0.000000
0.000000 1.000000 -0.000000 0.000000
-0.000000 -0.000000 1.000000 -0.000000
-0.000976 0.031829 0.000000 1.000000
-0.388979 -0.884139 0.258832 0.000000
-0.258045 -0.165146 -0.951914 0.000000
0.884369 -0.437065 -0.163909 -0.000000
0.063055 -0.464726 1.004960 1.000000
BoneName: mixamorig6:RightHandIndex1
BoneIndex: 40
ParentIndex: 35
ChildCount: 1
41
0.993784 0.000881 0.111321 0.000000
-0.002698 0.999865 0.016180 0.000000
-0.111291 -0.016380 0.993653 -0.000000
0.020234 0.095021 0.022263 1.000000
0.086405 -0.993556 -0.073351 0.000000
0.004116 -0.073270 0.997304 0.000000
-0.996252 -0.086474 -0.002241 -0.000000
0.015983 -0.562790 -0.975837 1.000000
BoneName: mixamorig6:RightHandIndex2
BoneIndex: 41
ParentIndex: 40
ChildCount: 1
42
1.000000 0.000000 -0.000000 0.000000
0.000000 0.999261 0.038425 0.000000
-0.000000 -0.038425 0.999261 -0.000000
-0.000888 0.040219 0.002794 1.000000
0.086405 -0.995641 -0.035120 0.000000
0.004116 -0.034894 0.999383 0.000000
-0.996252 -0.086496 0.001083 -0.000000
0.016870 -0.640167 -0.954738 1.000000
BoneName: mixamorig6:RightHandIndex3
BoneIndex: 42
ParentIndex: 41
ChildCount: 1
43
1.000000 0.000000 -0.000000 0.000000
0.000000 0.999998 0.001807 0.000000
-0.000000 -0.001807 0.999998 -0.000000
0.000080 0.031146 -0.000000 1.000000
0.086405 -0.995703 -0.033321 0.000000
0.004116 -0.033089 0.999444 0.000000
-0.996252 -0.086494 0.001239 -0.000000
0.016790 -0.673036 -0.953524 1.000000
BoneName: mixamorig6:RightHandIndex4
BoneIndex: 43
ParentIndex: 42
ChildCount: 0
1.000000 0.000000 -0.000000 0.000000
0.000000 1.000000 -0.000000 0.000000
-0.000000 -0.000000 1.000000 -0.000000
0.000185 0.027519 0.000000 1.000000
0.086405 -0.995703 -0.033321 0.000000
0.004116 -0.033089 0.999444 0.000000
-0.996252 -0.086494 0.001239 -0.000000
0.016605 -0.700556 -0.953524 1.000000
BoneName: mixamorig6:RightHandMiddle1
BoneIndex: 44
ParentIndex: 35
ChildCount: 1
45
0.987039 0.078167 0.140161 0.000000
-0.086370 0.994829 0.053429 0.000000
-0.135259 -0.064842 0.988686 -0.000000
-0.004656 0.096058 0.020311 1.000000
0.006785 -0.999607 -0.027194 0.000000
0.026470 -0.027005 0.999285 0.000000
-0.999627 -0.007500 0.026277 -0.000000
-0.030537 -0.610048 -0.948879 1.000000
BoneName: mixamorig6:RightHandMiddle2
BoneIndex: 45
ParentIndex: 44
ChildCount: 1
46
1.000000 0.000000 -0.000000 0.000000
0.000000 0.999959 0.009025 0.000000
-0.000000 -0.009025 0.999959 -0.000000
-0.000339 0.047407 -0.000837 1.000000
0.006785 -0.999812 -0.018171 0.000000
0.026470 -0.017985 0.999488 0.000000
-0.999627 -0.007263 0.026343 -0.000000
-0.030198 -0.665984 -0.942070 1.000000
BoneName: mixamorig6:RightHandMiddle3
BoneIndex: 46
ParentIndex: 45
ChildCount: 1
47
1.000000 0.000000 -0.000000 0.000000
0.000000 0.999032 -0.043982 0.000000
-0.000000 0.043982 0.999032 -0.000000
-0.000032 0.038998 -0.002624 1.000000
0.006785 -0.998045 -0.062127 0.000000
0.026470 -0.061927 0.997730 0.000000
-0.999627 -0.008414 0.025998 -0.000000
-0.030166 -0.662982 -0.969543 1.000000
BoneName: mixamorig6:RightHandMiddle4
BoneIndex: 47
ParentIndex: 46
ChildCount: 0
1.000000 0.000000 -0.000000 0.000000
0.000000 1.000000 -0.000000 0.000000
-0.000000 -0.000000 1.000000 -0.000000
0.000143 0.027830 0.000000 1.000000
0.006785 -0.998045 -0.062127 0.000000
0.026470 -0.061927 0.997730 0.000000
-0.999627 -0.008414 0.025998 -0.000000
-0.030308 -0.690811 -0.969543 1.000000
BoneName: mixamorig6:RightHandRing1
BoneIndex: 48
ParentIndex: 35
ChildCount: 1
49
0.980613 0.160324 0.112667 0.000000
-0.169891 0.982118 0.081121 0.000000
-0.097646 -0.098690 0.990316 -0.000000
-0.026829 0.088527 0.014582 1.000000
-0.073167 -0.997271 0.009897 0.000000
-0.007431 0.010468 0.999918 0.000000
-0.997292 0.073088 -0.008176 -0.000000
-0.026105 -0.638594 -0.923487 1.000000
BoneName: mixamorig6:RightHandRing2
BoneIndex: 49
ParentIndex: 48
ChildCount: 1
50
1.000000 0.000000 -0.000000 0.000000
0.000000 0.998480 -0.055114 0.000000
-0.000000 0.055114 0.998480 -0.000000
0.000963 0.043196 -0.002121 1.000000
-0.073167 -0.996300 -0.045082 0.000000
-0.007431 -0.044657 0.998975 0.000000
-0.997292 0.073427 -0.004136 -0.000000
-0.027068 -0.629974 -0.957542 1.000000
BoneName: mixamorig6:RightHandRing3
BoneIndex: 50
ParentIndex: 49
ChildCount: 1
51
1.000000 0.000000 -0.000000 0.000000
0.000000 0.998798 0.049009 0.000000
-0.000000 -0.049009 0.998798 -0.000000
0.000523 0.032264 0.000239 1.000000
-0.073167 -0.997312 0.003800 0.000000
-0.007431 0.004356 0.999963 0.000000
-0.997292 0.073136 -0.007729 -0.000000
-0.027590 -0.708383 -0.924174 1.000000
BoneName: mixamorig6:RightHandRing4
BoneIndex: 51
ParentIndex: 50
ChildCount: 0
1.000000 0.000000 -0.000000 0.000000
0.000000 1.000000 -0.000000 0.000000
-0.000000 -0.000000 1.000000 -0.000000
-0.000047 0.023833 0.000000 1.000000
-0.073167 -0.997312 0.003800 0.000000
-0.007431 0.004356 0.999963 0.000000
-0.997292 0.073136 -0.007729 -0.000000
-0.027544 -0.732216 -0.924174 1.000000
BoneName: mixamorig6:RightHandPinky1
BoneIndex: 52
ParentIndex: 35
ChildCount: 1
53
0.973151 0.201869 0.110575 0.000000
-0.215574 0.967725 0.130523 0.000000
-0.080658 -0.150856 0.985260 -0.000000
-0.046359 0.084459 -0.000937 1.000000
-0.114941 -0.991328 0.063698 0.000000
-0.012427 0.065552 0.997772 0.000000
-0.993295 0.113893 -0.019854 -0.000000
-0.026270 -0.684858 -0.874364 1.000000
BoneName: mixamorig6:RightHandPinky2
BoneIndex: 53
ParentIndex: 52
ChildCount: 1
54
1.000000 0.000000 -0.000000 0.000000
0.000000 0.998333 -0.057712 0.000000
-0.000000 0.057712 0.998333 -0.000000
0.000518 0.032842 -0.000329 1.000000
-0.114941 -0.993352 0.006380 0.000000
-0.012427 0.007860 0.999892 0.000000
-0.993295 0.114849 -0.013248 -0.000000
-0.026788 -0.666063 -0.913998 1.000000
BoneName: mixamorig6:RightHandPinky3
BoneIndex: 54
ParentIndex: 53
ChildCount: 1
55
0.999937 0.005419 -0.009859 0.000000
-0.005309 0.999924 0.011106 0.000000
0.009918 -0.011053 0.999890 -0.000000
0.000490 0.025852 -0.000023 1.000000
-0.120380 -0.992595 0.016219 0.000000
-0.022242 0.019030 0.999572 0.000000
-0.992479 0.119967 -0.024368 -0.000000
-0.022015 -0.701868 -0.906497 1.000000
BoneName: mixamorig6:RightHandPinky4
BoneIndex: 55
ParentIndex: 54
ChildCount: 0
1.000000 0.000000 -0.000000 0.000000
0.000000 1.000000 -0.000000 0.000000
-0.000000 -0.000000 1.000000 -0.000000
-0.000002 0.019524 0.000000 1.000000
-0.120380 -0.992595 0.016219 0.000000
-0.022242 0.019030 0.999572 0.000000
-0.992479 0.119967 -0.024368 -0.000000
-0.022013 -0.721392 -0.906497 1.000000
BoneName: mixamorig6:LeftUpLeg
BoneIndex: 56
ParentIndex: 1
ChildCount: 1
57
-0.998644 -0.051987 -0.002561 0.000000
0.052050 -0.997435 -0.049131 0.000000
0.000000 -0.049198 0.998789 -0.000000
0.072940 -0.034922 0.013487 1.000000
-0.998644 0.052050 0.000000 0.000000
-0.051987 -0.997435 -0.049198 0.000000
-0.002561 -0.049131 0.998789 -0.000000
0.104345 0.600650 0.017272 1.000000
BoneName: mixamorig6:LeftLeg
BoneIndex: 57
ParentIndex: 56
ChildCount: 1
58
0.999619 -0.027617 -0.000000 0.000000
0.027494 0.995161 0.094329 0.000000
-0.002605 -0.094293 0.995541 -0.000000
-0.000484 0.228090 -0.000458 1.000000
-0.999701 0.024342 -0.002306 0.000000
-0.024421 -0.998679 0.045208 0.000000
-0.001203 0.045251 0.998975 -0.000000
0.094500 0.375312 -0.017752 1.000000
BoneName: mixamorig6:LeftFoot
BoneIndex: 58
ParentIndex: 57
ChildCount: 1
59
0.998836 0.000000 -0.048236 0.000000
-0.038598 0.599742 -0.799262 0.000000
0.028929 0.800194 0.599044 -0.000000
0.000227 0.245459 -0.000421 1.000000
-0.998426 0.055029 -0.010824 0.000000
-0.026573 -0.634140 -0.772761 0.000000
-0.049388 -0.771258 0.634604 -0.000000
0.094999 0.088092 0.096253 1.000000
BoneName: mixamorig6:LeftToeBase
BoneIndex: 59
ParentIndex: 58
ChildCount: 1
60
0.997943 0.000000 0.064112 0.000000
0.041662 0.760077 -0.648496 0.000000
-0.048730 0.649833 0.758514 -0.000000
0.000000 0.197548 -0.000000 1.000000
-0.997066 0.007249 0.076203 0.000000
-0.076062 0.018030 -0.996940 0.000000
-0.008600 -0.999811 -0.017426 -0.000000
0.100974 -0.141657 -0.002748 1.000000
BoneName: mixamorig6:LeftToe_End
BoneIndex: 60
ParentIndex: 59
ChildCount: 0
1.000000 0.000000 -0.000000 0.000000
0.000000 1.000000 -0.000000 0.000000
-0.000000 -0.000000 1.000000 -0.000000
0.000000 0.074317 0.000000 1.000000
1.000000 0.000000 0.000000 0.000000
0.000000 1.000000 0.000000 0.000000
0.000000 0.000000 1.000000 0.000000
0.000000 0.000000 0.000000 1.000000
BoneName: mixamorig6:RightUpLeg
BoneIndex: 61
ParentIndex: 1
ChildCount: 1
62
-0.998642 0.052077 0.001379 0.000000
-0.052095 -0.998292 -0.026432 0.000000
-0.000000 -0.026468 0.999650 -0.000000
-0.072940 -0.034922 0.008851 1.000000
-0.998642 -0.052095 -0.000000 0.000000
0.052076 -0.998292 -0.026468 0.000000
0.001379 -0.026432 0.999650 -0.000000
-0.104378 0.600759 0.008135 1.000000
BoneName: mixamorig6:RightLeg
BoneIndex: 62
ParentIndex: 61
ChildCount: 1
63
0.999616 0.027714 -0.000000 0.000000
-0.027660 0.997669 0.062377 0.000000
0.001729 -0.062353 0.998053 -0.000000
0.000483 0.227898 -0.001004 1.000000
-0.999702 -0.024351 0.001522 0.000000
0.024390 -0.999057 0.035919 0.000000
0.000646 0.035946 0.999354 -0.000000
-0.094488 0.375463 -0.014309 1.000000
BoneName: mixamorig6:RightFoot
BoneIndex: 63
ParentIndex: 62
ChildCount: 1
64
0.998730 0.000000 0.050388 0.000000
0.039652 0.617045 -0.785928 0.000000
-0.031092 0.786928 0.616261 -0.000000
-0.000226 0.245401 0.000423 1.000000
-0.998356 -0.055862 0.012858 0.000000
0.026169 -0.643726 -0.764809 0.000000
0.051001 -0.763215 0.644129 -0.000000
-0.094884 0.088094 0.096201 1.000000
BoneName: mixamorig6:RightToeBase
BoneIndex: 64
ParentIndex: 63
ChildCount: 1
65
0.997848 0.000000 -0.065574 0.000000
-0.043240 0.751778 -0.657997 0.000000
0.049297 0.659416 0.750160 -0.000000
0.000000 0.194596 0.000000 1.000000
-0.997050 -0.007287 -0.076407 0.000000
0.076264 0.018171 -0.996922 0.000000
0.008653 -0.999808 -0.017562 -0.000000
-0.100988 -0.139263 -0.002740 1.000000
BoneName: mixamorig6:RightToe_End
BoneIndex: 65
ParentIndex: 64
ChildCount: 0
1.000000 0.000000 -0.000000 0.000000
0.000000 1.000000 -0.000000 0.000000
-0.000000 -0.000000 1.000000 -0.000000
-0.000000 0.073910 0.000000 1.000000
1.000000 0.000000 0.000000 0.000000
0.000000 1.000000 0.000000 0.000000
0.000000 0.000000 1.000000 0.000000
0.000000 0.000000 0.000000 1.000000
BoneName: Ch09
BoneIndex: 66
ParentIndex: 0
ChildCount: 0
1.000000 0.000000 -0.000000 0.000000
0.000000 1.000000 -0.000000 0.000000
-0.000000 -0.000000 1.000000 -0.000000
0.000000 0.000000 -0.000000 1.000000
1.000000 0.000000 0.000000 0.000000
0.000000 1.000000 0.000000 0.000000
0.000000 0.000000 1.000000 0.000000
0.000000 0.000000 0.000000 1.000000
